
---------------------------------------------------------------------------
1. Experiment: Alter number of entries per R*Tree node. (20, 40, 60, 80, 100, 120, 140, 160)
---------------------------------------------------------------------------

Connectivity:            0.3
k:                       3
Reference points:        15
Vertices:                50000
Object Density:          0.05


Embedding (5 runs)
-----------------

Entries per node:
20                                     ; 40                                     ; 60                                     ; 80                                     ; 100                                    ; 120                                    ; 140                                    ; 160                                   

Candidates to refine on graph
326, 400, 268, 352, 484                ; 575, 352, 548, 378, 409                ; 620, 365, 552, 292, 325                ; 376, 264, 404, 434, 1,044              ; 450, 529, 438, 506, 587                ; 494, 357, 403, 589, 518                ; 379, 499, 542, 516, 343                ; 737, 411, 538, 531, 488               
366                                    ; 452                                    ; 430                                    ; 504                                    ; 502                                    ; 472                                    ; 455                                    ; 541                                   

Nodes visited
21,500, 24,897, 17,743, 21,829, 32,354 ; 40,310, 22,545, 35,443, 24,227, 25,430 ; 40,637, 24,484, 35,035, 19,332, 22,325 ; 25,024, 19,164, 24,432, 28,689, 68,394 ; 29,954, 32,496, 29,275, 32,475, 40,184 ; 30,771, 21,060, 26,875, 35,954, 35,092 ; 24,936, 31,397, 35,067, 33,295, 21,313 ; 47,011, 25,380, 35,709, 33,781, 32,439
23,664                                 ; 29,591                                 ; 28,362                                 ; 33,140                                 ; 32,876                                 ; 29,950                                 ; 29,201                                 ; 34,864                                

Runtime thread CPU rknn query (ms.)
257, 281, 178, 252, 372                ; 469, 259, 398, 263, 275                ; 461, 300, 397, 229, 227                ; 278, 195, 297, 325, 767                ; 359, 350, 330, 400, 517                ; 324, 265, 325, 359, 357                ; 305, 332, 385, 342, 263                ; 503, 328, 418, 367, 353               
268                                    ; 332                                    ; 322                                    ; 372                                    ; 391                                    ; 326                                    ; 325                                    ; 393                                   

Candidates left after filter
487, 523, 340, 435, 669                ; 754, 497, 743, 586, 516                ; 800, 519, 682, 404, 431                ; 538, 375, 563, 573, 1,104              ; 605, 612, 517, 610, 810                ; 640, 429, 470, 675, 569                ; 488, 637, 678, 641, 535                ; 882, 714, 650, 617, 579               
490                                    ; 619                                    ; 567                                    ; 630                                    ; 630                                    ; 556                                    ; 595                                    ; 688                                   

Runtime embedding preparation (ms.)
5,482, 5,492, 5,482, 5,517, 5,532      ; 5,592, 5,536, 5,589, 5,582, 5,588      ; 5,521, 5,549, 5,604, 5,539, 5,507      ; 5,543, 5,527, 5,547, 5,640, 5,569      ; 5,538, 5,641, 5,542, 5,508, 5,559      ; 5,557, 5,530, 5,564, 5,509, 5,651      ; 5,571, 5,552, 5,504, 5,558, 5,464      ; 5,550, 5,500, 5,534, 5,450, 5,566     
5,501                                  ; 5,577                                  ; 5,544                                  ; 5,565                                  ; 5,557                                  ; 5,562                                  ; 5,529                                  ; 5,520                                 

Runtime filter refinement on R*Tree (ms.)
77, 86, 28, 81, 108                    ; 125, 75, 118, 69, 69                   ; 132, 93, 116, 68, 43                   ; 73, 27, 112, 92, 212                   ; 109, 93, 77, 141, 178                  ; 78, 102, 100, 78, 65                   ; 104, 84, 100, 81, 92                   ; 127, 131, 117, 106, 86                
76                                     ; 91                                     ; 90                                     ; 103                                    ; 119                                    ; 84                                     ; 92                                     ; 113                                   

Runtime refinement on graph (ms.)
179, 194, 149, 170, 263                ; 344, 183, 280, 194, 205                ; 328, 206, 280, 161, 184                ; 205, 167, 185, 231, 554                ; 249, 257, 252, 257, 338                ; 246, 163, 224, 280, 291                ; 200, 248, 284, 259, 170                ; 374, 195, 300, 261, 266               
191                                    ; 241                                    ; 231                                    ; 268                                    ; 270                                    ; 240                                    ; 232                                    ; 279                                   