
---------------------------------------------------------------------------
2. Experiment: Alter number of reference points. (20, 40, 60, 80, 100, 130, 160)
---------------------------------------------------------------------------

Connectivity:            0.3
Entries per R*Tree node: 25
k:                       3
Vertices:                50000
Object Density:          0.05


Embedding (5 runs)
-----------------

Reference points:
20                                     ; 40                                     ; 60                                     ; 80                                     ; 100                                    ; 130                                    ; 160

Candidates to refine on graph
367, 435, 312, 323, 320                ; 295, 353, 278, 363, 398                ; 318, 302, 292, 265, 117                ; 290, 203, 159, 330, 227                ; 182, 183, 252, 264, 192                ; 119, 213, 182, 194, 177                ; 105, 218, 139, 2, 104
351                                    ; 337                                    ; 258                                    ; 241                                    ; 214                                    ; 177                                    ; 113

Nodes visited
22,331, 28,669, 20,469, 22,154, 19,830 ; 20,631, 21,991, 16,337, 25,537, 28,134 ; 20,013, 19,198, 20,494, 17,206, 7,125  ; 17,585, 15,162, 10,145, 21,871, 14,170 ; 11,830, 12,933, 15,406, 16,233, 11,663 ; 7,661, 13,871, 12,587, 13,527, 11,468  ; 6,636, 14,695, 10,935, 129, 7,018
22,690                                 ; 22,526                                 ; 16,807                                 ; 15,786                                 ; 13,613                                 ; 11,822                                 ; 7,882

Runtime thread CPU rknn query (ms.)
276, 341, 242, 278, 264                ; 303, 322, 230, 325, 388                ; 334, 250, 330, 278, 108                ; 322, 217, 211, 411, 208                ; 222, 194, 278, 323, 265                ; 186, 284, 232, 331, 269                ; 180, 348, 212, 19, 190
280                                    ; 313                                    ; 260                                    ; 273                                    ; 256                                    ; 260                                    ; 189

Candidates left after filter
459, 541, 408, 513, 553                ; 408, 496, 380, 438, 488                ; 429, 375, 385, 403, 207                ; 419, 273, 299, 454, 280                ; 268, 241, 358, 373, 336                ; 247, 331, 240, 378, 327                ; 220, 344, 204, 142, 221
494                                    ; 442                                    ; 359                                    ; 345                                    ; 315                                    ; 304                                    ; 226

Runtime embedding preparation (ms.)
7,547, 7,743, 7,794, 7,800, 7,817      ; 15,924, 15,778, 16,110, 16,077, 15,905 ; 24,672, 24,659, 24,880, 24,711, 24,749 ; 33,860, 33,941, 33,828, 33,806, 33,965 ; 43,357, 43,202, 43,329, 43,220, 43,404 ; 59,538, 58,633, 59,395, 57,924, 58,143 ; 74,500, 74,520, 74,368, 74,530, 74,647
7,740                                  ; 15,958                                 ; 24,734                                 ; 33,880                                 ; 43,302                                 ; 58,726                                 ; 74,513

Runtime filter refinement on R*Tree (ms.)
94, 95, 67, 80, 93                     ; 117, 142, 101, 90, 131                 ; 166, 89, 137, 132, 51                  ; 175, 70, 124, 220, 86                  ; 125, 78, 156, 190, 167                 ; 121, 166, 118, 214, 173                ; 126, 218, 106, 17, 127
85                                     ; 116                                    ; 115                                    ; 135                                    ; 143                                    ; 158                                    ; 118

Runtime refinement on graph (ms.)
182, 246, 174, 197, 171                ; 185, 179, 129, 235, 255                ; 167, 160, 191, 146, 57                 ; 145, 146, 85, 191, 121                 ; 97, 115, 122, 132, 98                  ; 64, 117, 112, 117, 96                  ; 53, 130, 106, 1, 61
194                                    ; 196                                    ; 144                                    ; 137                                    ; 112                                    ; 101                                    ; 70