
---------------------------------------------------------------------------
3. Experiment: Alter number of vertices. (10, 100, 1000, 10000, 50000, 100000, 200000, 350000)
---------------------------------------------------------------------------

Connectivity:            0.3
Entries per R*Tree node: 25
k:                       3
Reference points:        15
Object Density:          0.05


Naive (5 runs)
-----------------

Vertices:
10                 ; 100                             ; 1000                              ; 10000                                  ; 50000                                       ; 100000                                      ; 200000                                      ; 350000

Candidates to refine on graph
2, 1, 2, 2, 2      ; 5, 5, 5, 5, 5                   ; 49, 49, 49, 49, 49                ; 500, 500, 499, 500, 500                ; 2,487, 2,487, 2,487, 2,487, 2,487           ; 4,993, 4,993, 4,992, 4,993, 4,993           ; 9,991, 9,991, 9,991, 9,991, 9,991           ; 17,465, 17,465, 17,465, 17,465, 17,465
1                  ; 5                               ; 49                                ; 499                                    ; 2,487                                       ; 4,992                                       ; 9,991                                       ; 17,465

Nodes visited
18, 9, 18, 18, 18  ; 309, 189, 233, 355, 235         ; 2,942, 3,242, 2,916, 2,783, 2,558 ; 30,836, 31,458, 32,646, 31,237, 30,203 ; 159,511, 165,161, 160,391, 166,197, 164,213 ; 327,055, 333,195, 328,000, 323,862, 321,132 ; 657,470, 654,247, 668,755, 658,933, 652,980 ; 1,159,206, 1,154,270, 1,154,714, 1,159,188, 1,153,697
16                 ; 264                             ; 2,888                             ; 31,276                                 ; 163,094                                     ; 326,648                                     ; 658,477                                     ; 1,156,215

Runtime thread CPU rknn query (ms.)
0, 1, 0, 1, 0      ; 5, 3, 4, 6, 3                   ; 25, 30, 26, 22, 18                ; 268, 262, 283, 262, 264                ; 1,406, 1,449, 1,385, 1,446, 1,417           ; 2,822, 2,913, 2,906, 2,802, 2,726           ; 5,818, 5,814, 5,996, 5,831, 5,762           ; 10,676, 10,440, 10,414, 10,419, 10,410
0                  ; 4                               ; 24                                ; 267                                    ; 1,420                                       ; 2,833                                       ; 5,844                                       ; 10,471


Eager (5 runs)
-----------------

Vertices:
10                 ; 100                             ; 1000                              ; 10000                                  ; 50000                                       ; 100000                                      ; 200000                                      ; 350000

Candidates to refine on graph
2, 1, 2, 2, 2      ; 5, 5, 5, 5, 4                   ; 15, 14, 14, 17, 13                ; 17, 19, 31, 8, 46                      ; 28, 19, 19, 18, 27                          ; 23, 62, 70, 90, 41                          ; 44, 27, 37, 28, 17                          ; 74, 38, 82, 75, 27
1                  ; 4                               ; 14                                ; 24                                     ; 22                                          ; 57                                          ; 30                                          ; 59

Nodes visited
68, 75, 60, 80, 50 ; 1,491, 1,620, 2,147, 2,363, 616 ; 9,041, 3,105, 4,600, 3,974, 3,080 ; 3,294, 4,980, 8,018, 1,205, 18,432     ; 6,044, 3,503, 1,986, 3,555, 8,493           ; 4,963, 12,424, 18,410, 18,717, 8,536        ; 5,625, 5,660, 6,333, 5,044, 2,265           ; 11,871, 6,305, 14,648, 13,273, 3,412
66                 ; 1,647                           ; 4,760                             ; 7,185                                  ; 4,716                                       ; 12,610                                      ; 4,985                                       ; 9,901

Runtime thread CPU rknn query (ms.)
2, 1, 0, 1, 1      ; 19, 16, 16, 22, 5               ; 82, 29, 33, 29, 18                ; 25, 37, 75, 9, 166                     ; 50, 21, 12, 30, 74                          ; 48, 112, 189, 210, 80                       ; 47, 53, 53, 52, 16                          ; 121, 58, 130, 116, 30
1                  ; 15                              ; 38                                ; 62                                     ; 37                                          ; 127                                         ; 44                                          ; 91


Embedding (5 runs)
-----------------

Vertices:
10                 ; 100                             ; 1000                              ; 10000                                  ; 50000                                       ; 100000                                      ; 200000                                      ; 350000

Candidates to refine on graph
2, 1, 2, 2, 2      ; 3, 2, 2, 2, 3                   ; 17, 23, 15, 15, 14                ; 113, 160, 143, 144, 91                 ; 657, 499, 563, 547, 322                     ; 927, 790, 541, 718, 592                     ; 1,063, 1,972, 2,085, 1,262, 985             ; 1,252, 1,761, 1,312, 2,422, 2,694
1                  ; 2                               ; 16                                ; 130                                    ; 517                                         ; 713                                         ; 1,473                                       ; 1,888

Nodes visited
18, 9, 18, 18, 18  ; 180, 66, 96, 104, 132           ; 915, 1,742, 994, 794, 766         ; 7,566, 9,373, 9,272, 8,236, 5,375      ; 40,347, 35,142, 35,712, 35,970, 20,327      ; 61,028, 55,078, 34,124, 46,805, 38,714      ; 73,962, 130,041, 139,656, 86,954, 66,845    ; 84,411, 118,916, 89,297, 160,269, 186,451
16                 ; 115                             ; 1,042                             ; 7,964                                  ; 33,499                                      ; 47,149                                      ; 99,491                                      ; 127,868

Runtime thread CPU rknn query (ms.)
1, 1, 1, 1, 1      ; 4, 1, 2, 2, 2                   ; 18, 19, 12, 8, 10                 ; 105, 95, 97, 84, 58                    ; 464, 433, 434, 472, 211                     ; 941, 898, 450, 653, 531                     ; 1,213, 3,935, 3,104, 1,633, 933             ; 2,559, 3,117, 2,044, 6,468, 10,773
1                  ; 2                               ; 13                                ; 87                                     ; 402                                         ; 694                                         ; 2,163                                       ; 4,992

Candidates left after filter
2, 1, 2, 2, 2      ; 4, 4, 5, 5, 3                   ; 18, 30, 20, 19, 23                ; 161, 212, 197, 207, 124                ; 724, 631, 711, 764, 383                     ; 1,218, 1,008, 676, 840, 791                 ; 1,379, 2,615, 2,518, 1,543, 1,209           ; 2,458, 2,173, 1,620, 3,056, 3,364
1                  ; 4                               ; 22                                ; 180                                    ; 642                                         ; 906                                         ; 1,852                                       ; 2,534

Runtime embedding preparation (ms.)
5, 5, 5, 6, 6      ; 24, 23, 18, 19, 18              ; 91, 88, 84, 83, 89                ; 964, 900, 890, 891, 880                ; 5,744, 5,654, 5,705, 5,675, 5,645           ; 12,031, 12,263, 12,488, 12,507, 12,310      ; 26,631, 26,698, 26,310, 26,541, 26,316      ; 47,638, 47,801, 47,147, 46,787, 47,179
5                  ; 20                              ; 87                                ; 905                                    ; 5,684                                       ; 12,319                                      ; 26,499                                      ; 47,310

Runtime filter refinement on R*Tree (ms.)
0, 0, 0, 0, 1      ; 1, 1, 1, 1, 1                   ; 11, 3, 4, 2, 4                    ; 37, 18, 16, 19, 11                     ; 131, 115, 125, 157, 34                      ; 402, 386, 142, 234, 198                     ; 521, 2,746, 1,816, 843, 323                 ; 1,761, 2,017, 1,214, 5,021, 8,993
0                  ; 1                               ; 4                                 ; 20                                     ; 112                                         ; 272                                         ; 1,249                                       ; 3,801

Runtime refinement on graph (ms.)
1, 1, 1, 0, 0      ; 2, 0, 0, 1, 1                   ; 7, 16, 8, 6, 6                    ; 67, 77, 80, 65, 47                     ; 331, 317, 307, 313, 176                     ; 538, 511, 307, 417, 332                     ; 690, 1,185, 1,285, 787, 608                 ; 796, 1,097, 828, 1,443, 1,775
0                  ; 0                               ; 8                                 ; 67                                     ; 288                                         ; 421                                         ; 911                                         ; 1,187



Vertices:
10       ; 100 ; 1000  ; 10000 ; 50000  ; 100000  ; 200000  ; 350000


Candidates to refine on graph
Naiv     ; 1   ; 5     ; 49    ; 499    ; 2,487   ; 4,992   ; 9,991   ; 17,465
Eager    ; 1   ; 4     ; 14    ; 24     ; 22      ; 57      ; 30      ; 59
Embedded ; 1   ; 2     ; 16    ; 130    ; 517     ; 713     ; 1,473   ; 1,888

Nodes visited
Naiv     ; 16  ; 264   ; 2,888 ; 31,276 ; 163,094 ; 326,648 ; 658,477 ; 1,156,215
Eager    ; 66  ; 1,647 ; 4,760 ; 7,185  ; 4,716   ; 12,610  ; 4,985   ; 9,901
Embedded ; 16  ; 115   ; 1,042 ; 7,964  ; 33,499  ; 47,149  ; 99,491  ; 127,868


Runtime thread CPU rknn query (ms.)
Naiv     ; 0   ; 4     ; 24    ; 267    ; 1,420   ; 2,833   ; 5,844   ; 10,471
Eager    ; 1   ; 15    ; 38    ; 62     ; 37      ; 127     ; 44      ; 91
Embedded ; 1   ; 2     ; 13    ; 87     ; 402     ; 694     ; 2,163   ; 4,992



Candidates left after filter
Embedded ; 1   ; 4     ; 22    ; 180    ; 642     ; 906     ; 1,852   ; 2,534

Runtime embedding preparation (ms.)
Embedded ; 5   ; 20    ; 87    ; 905    ; 5,684   ; 12,319  ; 26,499  ; 47,310

Runtime filter refinement on R*Tree (ms.)
Embedded ; 0   ; 1     ; 4     ; 20     ; 112     ; 272     ; 1,249   ; 3,801

Runtime refinement on graph (ms.)
Embedded ; 0   ; 0     ; 8     ; 67     ; 288     ; 421     ; 911     ; 1,187


