
---------------------------------------------------------------------------
4. Experiment: Alter object density. (0.001, 0.005, 0.01, 0.02, 0.04, 0.08, 0.1, 0.2, 0.4, 0.6, 0.8, 1.0)
---------------------------------------------------------------------------

Connectivity:            0.3
Entries per R*Tree node: 25
k:                       3
Reference points:        15
Vertices:                50000



Naive (5 runs)
-----------------

Object density:
0.001                                                 ; 0.005                                       ; 0.01                                        ; 0.02                                        ; 0.04                                        ; 0.08                                        ; 0.1                                         ; 0.2                                         ; 0.4                                         ; 0.6                                         ; 0.8                                         ; 1.0

Candidates to refine on graph
50, 50, 50, 50, 50                                    ; 249, 249, 249, 249, 248                     ; 498, 498, 498, 498, 498                     ; 995, 995, 995, 995, 995                     ; 1,990, 1,990, 1,990, 1,990, 1,990           ; 3,979, 3,979, 3,979, 3,979, 3,979           ; 4,973, 4,973, 4,973, 4,973, 4,973           ; 9,946, 9,946, 9,946, 9,945, 9,945           ; 19,892, 19,891, 19,891, 19,892, 19,891      ; 29,837, 29,837, 29,837, 29,837, 29,838      ; 39,784, 39,783, 39,784, 39,783, 39,783      ; 49,728, 49,728, 49,728, 49,728, 49,728
50                                                    ; 248                                         ; 498                                         ; 995                                         ; 1,990                                       ; 3,979                                       ; 4,973                                       ; 9,945                                       ; 19,891                                      ; 29,837                                      ; 39,783                                      ; 49,728

Nodes visited
162,887, 132,127, 159,708, 145,632, 150,609           ; 158,056, 168,324, 161,442, 147,278, 138,371 ; 165,933, 156,137, 167,513, 162,064, 150,503 ; 155,193, 151,935, 155,226, 154,985, 157,826 ; 159,494, 162,537, 165,714, 160,679, 161,965 ; 166,231, 163,708, 169,993, 163,268, 164,347 ; 169,161, 170,279, 167,443, 169,489, 168,041 ; 180,878, 180,712, 178,349, 180,033, 180,697 ; 201,802, 201,054, 201,560, 201,028, 201,339 ; 221,245, 221,742, 222,041, 221,747, 221,880 ; 242,195, 242,033, 241,880, 242,253, 242,569 ; 262,366, 262,022, 262,293, 262,161, 262,229
150,192                                               ; 154,694                                     ; 160,430                                     ; 155,033                                     ; 162,077                                     ; 165,509                                     ; 168,882                                     ; 180,133                                     ; 201,356                                     ; 221,731                                     ; 242,186                                     ; 262,214

Runtime thread CPU rknn query (ms.)
57,718, 39,229, 55,109, 40,442, 46,483                ; 10,509, 11,519, 10,947, 9,753, 7,967        ; 5,745, 5,330, 5,906, 5,688, 4,840           ; 2,734, 2,593, 2,794, 2,714, 2,829           ; 1,594, 1,677, 1,745, 1,633, 1,667           ; 1,031, 1,015, 1,063, 1,008, 1,011           ; 909, 910, 890, 914, 907                     ; 679, 684, 672, 686, 677                     ; 583, 573, 587, 574, 582                     ; 556, 559, 570, 567, 560                     ; 560, 566, 565, 568, 565                     ; 582, 579, 583, 590, 588
47,796                                                ; 10,139                                      ; 5,501                                       ; 2,732                                       ; 1,663                                       ; 1,025                                       ; 906                                         ; 679                                         ; 579                                         ; 562                                         ; 564                                         ; 584


Eager (5 runs)
-----------------

Object density:
0.001                                                 ; 0.005                                       ; 0.01                                        ; 0.02                                        ; 0.04                                        ; 0.08                                        ; 0.1                                         ; 0.2                                         ; 0.4                                         ; 0.6                                         ; 0.8                                         ; 1.0

Candidates to refine on graph
9, 6, 10, 12, 10                                      ; 37, 33, 33, 28, 12                          ; 19, 52, 11, 28, 19                          ; 20, 47, 46, 56, 31                          ; 52, 20, 45, 7, 59                           ; 35, 8, 29, 89, 34                           ; 24, 16, 7, 60, 18                           ; 6, 17, 17, 16, 19                           ; 9, 21, 19, 16, 32                           ; 7, 12, 6, 16, 30                            ; 27, 24, 16, 7, 7                            ; 3, 10, 10, 18, 16
9                                                     ; 28                                          ; 25                                          ; 40                                          ; 36                                          ; 39                                          ; 25                                          ; 15                                          ; 19                                          ; 14                                          ; 16                                          ; 11

Nodes visited
7,079,308, 8,189,868, 3,500,686, 9,193,969, 1,690,353 ; 682,703, 416,310, 263,538, 335,164, 102,097 ; 35,274, 154,851, 27,880, 80,774, 29,108     ; 15,889, 30,174, 28,170, 52,155, 29,055      ; 14,013, 2,771, 8,763, 614, 19,306           ; 4,483, 524, 2,443, 10,144, 3,287            ; 2,344, 1,849, 188, 5,557, 1,680             ; 168, 543, 718, 365, 667                     ; 98, 308, 314, 228, 389                      ; 56, 115, 47, 160, 330                       ; 243, 211, 143, 63, 47                       ; 20, 66, 64, 115, 102
5,930,836                                             ; 359,962                                     ; 65,577                                      ; 31,088                                      ; 9,093                                       ; 4,176                                       ; 2,323                                       ; 492                                         ; 267                                         ; 141                                         ; 141                                         ; 73

Runtime thread CPU rknn query (ms.)
1,580,787, 2,295,176, 696,713, 2,351,888, 224,113     ; 28,548, 20,127, 12,685, 21,331, 6,728       ; 975, 4,855, 914, 3,553, 718                 ; 216, 413, 427, 1,102, 626                   ; 148, 26, 92, 3, 174                         ; 27, 3, 14, 61, 20                           ; 11, 11, 0, 32, 8                            ; 0, 2, 3, 2, 2                               ; 0, 2, 1, 1, 2                               ; 0, 1, 0, 2, 2                               ; 2, 1, 1, 1, 0                               ; 0, 1, 0, 0, 1
1,429,735                                             ; 17,883                                      ; 2,203                                       ; 556                                         ; 88                                          ; 25                                          ; 12                                          ; 1                                           ; 1                                           ; 1                                           ; 1                                           ; 0


Embedding (5 runs)
-----------------

Object density:
0.001                                                 ; 0.005                                       ; 0.01                                        ; 0.02                                        ; 0.04                                        ; 0.08                                        ; 0.1                                         ; 0.2                                         ; 0.4                                         ; 0.6                                         ; 0.8                                         ; 1.0

Candidates to refine on graph
11, 6, 14, 8, 18                                      ; 61, 58, 67, 53, 18                          ; 109, 71, 123, 85, 85                        ; 151, 216, 125, 177, 154                     ; 324, 226, 416, 455, 298                     ; 556, 558, 453, 842, 898                     ; 726, 1,116, 858, 542, 789                   ; 1,030, 997, 549, 1,446, 1,565               ; 2,530, 3,016, 2,501, 2,882, 1,935           ; 3,764, 4,099, 2,815, 3,964, 5,774           ; 8,732, 5,931, 6,105, 7,189, 3,167           ; 6,524, 6,743, 7,487, 6,999, 7,717
11                                                    ; 51                                          ; 94                                          ; 164                                         ; 343                                         ; 661                                         ; 806                                         ; 1,117                                       ; 2,572                                       ; 4,083                                       ; 6,224                                       ; 7,094

Nodes visited
44,326, 20,765, 57,968, 29,015, 53,112                ; 35,016, 38,758, 40,972, 38,659, 15,448      ; 31,897, 19,630, 45,081, 35,208, 23,094      ; 18,993, 29,566, 18,424, 29,447, 28,995      ; 25,765, 20,066, 33,500, 35,650, 23,869      ; 22,705, 22,264, 18,172, 34,430, 37,066      ; 26,221, 36,631, 27,789, 18,499, 27,251      ; 18,481, 17,843, 9,939, 25,413, 27,961       ; 26,022, 30,775, 25,587, 29,073, 19,068      ; 27,822, 30,469, 20,899, 29,329, 43,290      ; 53,674, 35,872, 37,195, 43,421, 19,048      ; 34,409, 35,387, 39,322, 36,921, 40,695
41,037                                                ; 33,770                                      ; 30,982                                      ; 25,085                                      ; 27,770                                      ; 26,927                                      ; 27,278                                      ; 19,927                                      ; 26,105                                      ; 30,361                                      ; 37,842                                      ; 37,346

Runtime thread CPU rknn query (ms.)
16,984, 7,985, 23,253, 9,977, 15,653                  ; 2,174, 2,512, 2,607, 3,389, 1,361           ; 983, 645, 1,620, 1,364, 651                 ; 286, 478, 349, 586, 643                     ; 301, 270, 418, 450, 296                     ; 248, 329, 303, 501, 680                     ; 464, 472, 512, 239, 505                     ; 555, 635, 652, 1,467, 2,971                 ; 5,754, 16,122, 7,261, 4,677, 1,948          ; 26,048, 15,105, 4,942, 34,080, 12,861       ; 240,235, 144,251, 35,708, 161,614, 20,386   ; 227,895, 293,810, 820,631, 275,047, 259,850
14,770                                                ; 2,408                                       ; 1,052                                       ; 468                                         ; 347                                         ; 412                                         ; 438                                         ; 1,256                                       ; 7,152                                       ; 18,607                                      ; 120,438                                     ; 375,446

Candidates left after filter
12, 8, 15, 13, 23                                     ; 70, 65, 79, 65, 23                          ; 124, 110, 136, 104, 116                     ; 168, 261, 170, 227, 193                     ; 371, 344, 535, 603, 354                     ; 696, 828, 631, 1,017, 1,270                 ; 1,016, 1,214, 1,091, 636, 1,208             ; 1,416, 1,387, 1,330, 2,195, 2,503           ; 4,024, 7,561, 4,960, 3,948, 2,632           ; 5,066, 6,110, 4,153, 5,228, 6,811           ; 12,165, 10,223, 8,194, 11,263, 6,096        ; 9,829, 10,262, 11,138, 11,818, 10,566
14                                                    ; 60                                          ; 118                                         ; 203                                         ; 441                                         ; 888                                         ; 1,033                                       ; 1,766                                       ; 4,625                                       ; 5,473                                       ; 9,588                                       ; 10,722

Runtime embedding preparation (ms.)
6,046, 5,982, 5,960, 5,749, 5,742                     ; 5,900, 5,722, 5,686, 5,785, 5,780           ; 5,775, 5,768, 5,803, 5,760, 5,777           ; 5,789, 5,728, 5,792, 5,793, 5,777           ; 5,780, 5,801, 5,796, 5,805, 5,818           ; 5,905, 5,886, 5,873, 5,812, 5,830           ; 5,827, 5,838, 5,873, 5,827, 5,829           ; 5,945, 5,961, 5,963, 5,941, 5,916           ; 6,159, 6,121, 6,234, 6,138, 6,093           ; 6,357, 6,351, 6,337, 6,379, 6,330           ; 6,499, 6,631, 6,415, 6,479, 6,497           ; 6,837, 6,734, 6,667, 6,733, 6,732
5,895                                                 ; 5,774                                       ; 5,776                                       ; 5,775                                       ; 5,800                                       ; 5,861                                       ; 5,838                                       ; 5,945                                       ; 6,149                                       ; 6,350                                       ; 6,504                                       ; 6,740

Runtime filter refinement on R*Tree (ms.)
0, 0, 1, 0, 1                                         ; 2, 2, 3, 2, 1                               ; 6, 6, 8, 7, 7                               ; 11, 23, 15, 15, 14                          ; 36, 46, 75, 98, 55                          ; 110, 195, 193, 285, 450                     ; 313, 274, 361, 137, 351                     ; 483, 566, 613, 1,366, 2,862                 ; 5,673, 16,028, 7,181, 4,588, 1,891          ; 25,972, 15,020, 4,884, 33,999, 12,743       ; 240,091, 144,156, 35,610, 161,502, 20,337   ; 227,806, 293,722, 820,532, 274,952, 259,747
0                                                     ; 2                                           ; 6                                           ; 15                                          ; 62                                          ; 246                                         ; 287                                         ; 1,178                                       ; 7,072                                       ; 18,523                                      ; 120,339                                     ; 375,351

Runtime refinement on graph (ms.)
16,983, 7,984, 23,252, 9,977, 15,652                  ; 2,172, 2,510, 2,604, 3,386, 1,360           ; 976, 639, 1,612, 1,356, 644                 ; 275, 454, 334, 571, 628                     ; 263, 222, 343, 350, 240                     ; 137, 133, 110, 214, 228                     ; 150, 196, 150, 102, 153                     ; 71, 67, 38, 99, 107                         ; 78, 92, 78, 87, 55                          ; 73, 83, 56, 79, 114                         ; 138, 90, 94, 108, 46                        ; 84, 84, 93, 90, 98
14,769                                                ; 2,406                                       ; 1,045                                       ; 452                                         ; 283                                         ; 164                                         ; 150                                         ; 76                                          ; 78                                          ; 81                                          ; 95                                          ; 89




Object density: ; 0.001     ; 0.005   ; 0.01    ; 0.02    ; 0.04    ; 0.08    ; 0.1     ; 0.2     ; 0.4     ; 0.6     ; 0.8     ; 1.0

Runtime thread CPU rknn query (ms.)
Naiv            ; 50        ; 248     ; 498     ; 995     ; 1,990   ; 3,979   ; 4,973   ; 9,945   ; 19,891  ; 29,837  ; 39,783  ; 49,728
Eager           ; 9         ; 28      ; 25      ; 40      ; 36      ; 39      ; 25      ; 15      ; 19      ; 14      ; 16      ; 11
Embedded        ; 11        ; 51      ; 94      ; 164     ; 343     ; 661     ; 806     ; 1,117   ; 2,572   ; 4,083   ; 6,224   ; 7,094

Nodes visited
Naiv            ; 150,192   ; 154,694 ; 160,430 ; 155,033 ; 162,077 ; 165,509 ; 168,882 ; 180,133 ; 201,356 ; 221,731 ; 242,186 ; 262,214
Eager           ; 5,930,836 ; 359,962 ; 65,577  ; 31,088  ; 9,093   ; 4,176   ; 2,323   ; 492     ; 267     ; 141     ; 141     ; 73
Embedded        ; 41,037    ; 33,770  ; 30,982  ; 25,085  ; 27,770  ; 26,927  ; 27,278  ; 19,927  ; 26,105  ; 30,361  ; 37,842  ; 37,346

Candidates to refine on graph
Naiv            ; 50        ; 248     ; 498     ; 995     ; 1,990   ; 3,979   ; 4,973   ; 9,945   ; 19,891  ; 29,837  ; 39,783  ; 49,728
Eager           ; 9         ; 28      ; 25      ; 40      ; 36      ; 39      ; 25      ; 15      ; 19      ; 14      ; 16      ; 11
Embedded        ; 11        ; 51      ; 94      ; 164     ; 343     ; 661     ; 806     ; 1,117   ; 2,572   ; 4,083   ; 6,224   ; 7,094



Candidates left after filter
Embedded        ; 14        ; 60      ; 118     ; 203     ; 441     ; 888     ; 1,033   ; 1,766   ; 4,625   ; 5,473   ; 9,588   ; 10,722

Runtime embedding preparation (ms.)
Embedded        ; 5,895     ; 5,774   ; 5,776   ; 5,775   ; 5,800   ; 5,861   ; 5,838   ; 5,945   ; 6,149   ; 6,350   ; 6,504   ; 6,740

Runtime filter refinement on R*Tree (ms.)
Embedded        ; 0         ; 2       ; 6       ; 15      ; 62      ; 246     ; 287     ; 1,178   ; 7,072   ; 18,523  ; 120,339 ; 375,351

Runtime refinement on graph (ms.)
Embedded        ; 14,769    ; 2,406   ; 1,045   ; 452     ; 283     ; 164     ; 150     ; 76      ; 78      ; 81      ; 95      ; 89

