
---------------------------------------------------------------------------
5. Experiment: Alter connectivity (number of edges). (0.001, 0.005, 0.01, 0.02, 0.04, 0.08, 0.1, 0.2, 0.4, 0.6, 0.8, 1.0)
---------------------------------------------------------------------------

Entries per R*Tree node: 25
k:                       3
Reference points:        15
Vertices:                50000
Object Density:          0.05


Naive (5 runs)
-----------------

Connectivity:
0.001                                       ; 0.005                                       ; 0.01                                        ; 0.02                                        ; 0.04                                        ; 0.08                                        ; 0.1                                         ; 0.2                                         ; 0.4                                         ; 0.6                                         ; 0.8                                         ; 1.0                                        

Candidates to refine on graph
2,487, 2,487, 2,487, 2,487, 2,487           ; 2,487, 2,487, 2,487, 2,487, 2,487           ; 2,487, 2,487, 2,487, 2,487, 2,487           ; 2,487, 2,487, 2,487, 2,487, 2,487           ; 2,487, 2,487, 2,487, 2,487, 2,487           ; 2,487, 2,487, 2,487, 2,487, 2,487           ; 2,487, 2,487, 2,487, 2,487, 2,487           ; 2,487, 2,487, 2,487, 2,487, 2,487           ; 2,487, 2,487, 2,487, 2,487, 2,487           ; 2,487, 2,487, 2,487, 2,487, 2,487           ; 2,486, 2,487, 2,487, 2,487, 2,487           ; 2,487, 2,487, 2,487, 2,487, 2,487          
2,487                                       ; 2,487                                       ; 2,487                                       ; 2,487                                       ; 2,487                                       ; 2,487                                       ; 2,487                                       ; 2,487                                       ; 2,487                                       ; 2,487                                       ; 2,486                                       ; 2,487                                      

Nodes visited
154,729, 156,823, 153,713, 159,270, 151,952 ; 159,525, 157,507, 154,519, 154,853, 158,105 ; 144,528, 152,233, 160,081, 152,468, 157,640 ; 150,092, 159,383, 159,453, 157,373, 168,121 ; 155,329, 153,577, 160,838, 158,540, 154,309 ; 160,965, 165,254, 153,646, 162,271, 158,655 ; 158,945, 160,665, 164,886, 158,585, 156,149 ; 163,438, 158,091, 161,369, 162,193, 161,915 ; 165,052, 162,965, 168,074, 159,413, 161,751 ; 162,792, 171,024, 165,953, 170,120, 167,307 ; 174,661, 169,669, 171,119, 167,183, 170,254 ; 170,604, 174,630, 172,784, 174,472, 168,094
155,297                                     ; 156,901                                     ; 153,390                                     ; 158,884                                     ; 156,518                                     ; 160,158                                     ; 159,846                                     ; 161,401                                     ; 163,451                                     ; 167,439                                     ; 170,577                                     ; 172,116                                    

Runtime thread CPU rknn query (ms.)
1,039, 1,065, 1,025, 1,069, 978             ; 1,142, 1,078, 1,032, 1,046, 1,096           ; 926, 1,029, 1,158, 1,027, 1,112             ; 1,045, 1,182, 1,137, 1,147, 1,306           ; 1,119, 1,096, 1,178, 1,161, 1,123           ; 1,218, 1,289, 1,125, 1,228, 1,210           ; 1,187, 1,233, 1,266, 1,222, 1,165           ; 1,317, 1,254, 1,266, 1,295, 1,272           ; 1,372, 1,363, 1,436, 1,300, 1,321           ; 1,384, 1,527, 1,450, 1,531, 1,466           ; 1,622, 1,554, 1,540, 1,483, 1,537           ; 1,583, 1,626, 1,576, 1,643, 1,548          
1,035                                       ; 1,078                                       ; 1,050                                       ; 1,163                                       ; 1,135                                       ; 1,214                                       ; 1,214                                       ; 1,280                                       ; 1,358                                       ; 1,471                                       ; 1,547                                       ; 1,595                                      


Eager (5 runs)
-----------------

Connectivity:
0.001                                       ; 0.005                                       ; 0.01                                        ; 0.02                                        ; 0.04                                        ; 0.08                                        ; 0.1                                         ; 0.2                                         ; 0.4                                         ; 0.6                                         ; 0.8                                         ; 1.0                                        

Candidates to refine on graph
8, 4, 6, 5, 6                               ; 5, 6, 6, 5, 6                               ; 12, 44, 6, 7, 6                             ; 3, 5, 3, 30, 47                             ; 6, 40, 6, 3, 5                              ; 28, 19, 6, 6, 8                             ; 14, 6, 4, 15, 17                            ; 15, 50, 3, 20, 34                           ; 79, 34, 73, 71, 21                          ; 75, 10, 78, 48, 50                          ; 67, 96, 107, 87, 44                         ; 125, 107, 39, 69, 98                       
5                                           ; 5                                           ; 15                                          ; 17                                          ; 12                                          ; 13                                          ; 11                                          ; 24                                          ; 55                                          ; 52                                          ; 80                                          ; 87                                         

Nodes visited
2,041, 548, 3,767, 879, 1,877               ; 4,049, 873, 2,949, 2,672, 1,421             ; 2,424, 27,849, 10,575, 917, 704             ; 249, 665, 1,059, 57,126, 24,772             ; 1,267, 14,403, 633, 596, 3,322              ; 9,278, 3,379, 1,134, 352, 940               ; 3,071, 1,124, 411, 6,553, 6,180             ; 3,021, 11,603, 294, 2,769, 7,933            ; 15,904, 8,437, 15,533, 16,377, 4,211        ; 13,703, 1,148, 13,107, 9,177, 7,294         ; 9,561, 16,128, 20,611, 15,241, 5,736        ; 17,044, 22,997, 4,361, 10,220, 14,970      
1,822                                       ; 2,392                                       ; 8,493                                       ; 16,774                                      ; 4,044                                       ; 3,016                                       ; 3,467                                       ; 5,124                                       ; 12,092                                      ; 8,885                                       ; 13,455                                      ; 13,918                                     

Runtime thread CPU rknn query (ms.)
11, 2, 23, 3, 9                             ; 22, 5, 16, 12, 7                            ; 14, 218, 83, 6, 4                           ; 1, 3, 6, 743, 151                           ; 5, 90, 3, 2, 16                             ; 61, 20, 12, 1, 8                            ; 19, 8, 3, 47, 44                            ; 20, 86, 2, 15, 59                           ; 123, 89, 132, 123, 38                       ; 120, 8, 112, 94, 70                         ; 91, 143, 191, 134, 52                       ; 146, 251, 37, 97, 142                      
9                                           ; 12                                          ; 65                                          ; 180                                         ; 23                                          ; 20                                          ; 24                                          ; 36                                          ; 101                                         ; 80                                          ; 122                                         ; 134                                        


Embedding (5 runs)
-----------------

Connectivity:
0.001                                       ; 0.005                                       ; 0.01                                        ; 0.02                                        ; 0.04                                        ; 0.08                                        ; 0.1                                         ; 0.2                                         ; 0.4                                         ; 0.6                                         ; 0.8                                         ; 1.0                                        

Candidates to refine on graph
1,580, 6, 1,075, 902, 1,133                 ; 2, 1,157, 1,308, 695, 1,163                 ; 803, 875, 997, 956, 1,041                   ; 676, 642, 700, 634, 1,003                   ; 143, 638, 884, 448, 420                     ; 703, 615, 676, 416, 727                     ; 640, 475, 541, 512, 521                     ; 416, 591, 476, 425, 624                     ; 354, 404, 341, 400, 374                     ; 333, 288, 311, 330, 336                     ; 281, 333, 323, 265, 403                     ; 372, 297, 273, 177, 369                    
939                                         ; 865                                         ; 934                                         ; 731                                         ; 506                                         ; 627                                         ; 537                                         ; 506                                         ; 374                                         ; 319                                         ; 321                                         ; 297                                        

Nodes visited
97,020, 358, 68,147, 56,256, 69,651         ; 21, 70,775, 81,439, 43,566, 72,583          ; 41,390, 50,523, 59,896, 61,464, 65,014      ; 39,662, 43,246, 44,924, 41,995, 69,817      ; 9,663, 38,509, 57,593, 26,711, 25,261       ; 45,352, 40,580, 41,101, 29,510, 46,210      ; 40,252, 29,361, 36,652, 31,232, 32,415      ; 28,412, 37,592, 29,168, 25,229, 39,125      ; 24,484, 25,716, 20,300, 23,693, 23,194      ; 20,293, 19,934, 20,455, 23,114, 23,964      ; 20,226, 20,503, 22,203, 18,168, 27,520      ; 23,932, 19,938, 18,699, 13,610, 23,807     
58,286                                      ; 53,676                                      ; 55,657                                      ; 47,928                                      ; 31,547                                      ; 40,550                                      ; 33,982                                      ; 31,905                                      ; 23,477                                      ; 21,552                                      ; 21,724                                      ; 19,997                                     

Runtime thread CPU rknn query (ms.)
1,331, 4, 1,101, 1,578, 1,057               ; 4, 974, 1,074, 752, 1,127                   ; 579, 1,413, 1,130, 830, 949                 ; 596, 606, 583, 542, 948                     ; 107, 554, 894, 383, 277                     ; 562, 483, 465, 352, 580                     ; 489, 382, 466, 387, 339                     ; 369, 441, 296, 313, 451                     ; 265, 276, 213, 256, 233                     ; 214, 231, 211, 267, 264                     ; 225, 218, 236, 185, 332                     ; 259, 273, 206, 153, 244                    
1,014                                       ; 786                                         ; 980                                         ; 655                                         ; 443                                         ; 488                                         ; 412                                         ; 374                                         ; 248                                         ; 237                                         ; 239                                         ; 227                                        

Candidates left after filter
2,196, 7, 1,403, 1,226, 1,859               ; 156, 1,471, 1,512, 1,184, 1,774             ; 1,084, 1,351, 1,991, 1,314, 1,307           ; 1,110, 1,141, 939, 948, 1,180               ; 253, 975, 1,354, 698, 607                   ; 824, 832, 846, 703, 944                     ; 862, 787, 819, 650, 671                     ; 719, 796, 583, 620, 781                     ; 474, 442, 429, 543, 423                     ; 424, 372, 386, 418, 451                     ; 428, 394, 414, 300, 572                     ; 456, 393, 378, 200, 421                    
1,338                                       ; 1,219                                       ; 1,409                                       ; 1,063                                       ; 777                                         ; 829                                         ; 757                                         ; 699                                         ; 462                                         ; 410                                         ; 421                                         ; 369                                        

Runtime embedding preparation (ms.)
4,921, 4,957, 5,053, 4,973, 4,979           ; 5,053, 5,068, 5,138, 5,073, 4,988           ; 5,096, 5,103, 5,211, 5,150, 5,065           ; 5,135, 5,192, 5,162, 5,167, 5,081           ; 5,184, 5,297, 5,214, 5,229, 5,215           ; 5,303, 5,300, 5,321, 5,337, 5,330           ; 5,259, 5,340, 5,272, 5,399, 5,319           ; 5,422, 5,429, 5,393, 5,442, 5,433           ; 5,647, 5,641, 5,573, 5,675, 5,630           ; 5,850, 5,976, 5,814, 5,829, 5,900           ; 6,064, 6,126, 6,082, 6,097, 6,167           ; 6,275, 6,201, 6,364, 6,356, 6,340          
4,976                                       ; 5,064                                       ; 5,125                                       ; 5,147                                       ; 5,227                                       ; 5,318                                       ; 5,317                                       ; 5,423                                       ; 5,633                                       ; 5,873                                       ; 6,107                                       ; 6,307                                      

Runtime filter refinement on R*Tree (ms.)
672, 1, 609, 1,199, 593                     ; 4, 491, 511, 446, 622                       ; 337, 1,080, 723, 390, 469                   ; 320, 272, 251, 219, 397                     ; 36, 277, 467, 195, 85                       ; 215, 159, 168, 112, 225                     ; 192, 160, 179, 154, 105                     ; 136, 140, 78, 125, 148                      ; 53, 61, 55, 77, 46                          ; 50, 50, 34, 49, 47                          ; 41, 44, 36, 23, 74                          ; 47, 90, 33, 10, 33                         
614                                         ; 414                                         ; 599                                         ; 291                                         ; 212                                         ; 175                                         ; 158                                         ; 125                                         ; 58                                          ; 46                                          ; 43                                          ; 42                                         

Runtime refinement on graph (ms.)
658, 3, 491, 378, 463                       ; 0, 482, 562, 305, 504                       ; 241, 333, 406, 440, 480                     ; 274, 334, 331, 322, 551                     ; 71, 277, 427, 187, 192                      ; 346, 323, 296, 239, 354                     ; 295, 221, 287, 232, 234                     ; 232, 301, 218, 187, 302                     ; 211, 215, 158, 179, 187                     ; 163, 180, 177, 218, 217                     ; 184, 174, 200, 162, 257                     ; 212, 183, 173, 143, 211                    
398                                         ; 370                                         ; 380                                         ; 362                                         ; 230                                         ; 311                                         ; 253                                         ; 248                                         ; 190                                         ; 191                                         ; 195                                         ; 184                                        





Connectivity:
0.001    ; 0.005   ; 0.01    ; 0.02    ; 0.04    ; 0.08    ; 0.1     ; 0.2     ; 0.4     ; 0.6     ; 0.8     ; 1.0

Candidates to refine on graph
Naiv     ; 2,487   ; 2,487   ; 2,487   ; 2,487   ; 2,487   ; 2,487   ; 2,487   ; 2,487   ; 2,487   ; 2,487   ; 2,486   ; 2,487
Eager    ; 5       ; 5       ; 15      ; 17      ; 12      ; 13      ; 11      ; 24      ; 55      ; 52      ; 80      ; 87
Embedded ; 939     ; 865     ; 934     ; 731     ; 506     ; 627     ; 537     ; 506     ; 374     ; 319     ; 321     ; 297

Nodes visited
Naiv     ; 155,297 ; 156,901 ; 153,390 ; 158,884 ; 156,518 ; 160,158 ; 159,846 ; 161,401 ; 163,451 ; 167,439 ; 170,577 ; 172,116
Eager    ; 1,822   ; 2,392   ; 8,493   ; 16,774  ; 4,044   ; 3,016   ; 3,467   ; 5,124   ; 12,092  ; 8,885   ; 13,455  ; 13,918
Embedded ; 58,286  ; 53,676  ; 55,657  ; 47,928  ; 31,547  ; 40,550  ; 33,982  ; 31,905  ; 23,477  ; 21,552  ; 21,724  ; 19,997

Runtime thread CPU rknn query (ms.)
Naiv     ; 1,035   ; 1,078   ; 1,050   ; 1,163   ; 1,135   ; 1,214   ; 1,214   ; 1,280   ; 1,358   ; 1,471   ; 1,547   ; 1,595
Eager    ; 9       ; 12      ; 65      ; 180     ; 23      ; 20      ; 24      ; 36      ; 101     ; 80      ; 122     ; 134
Embedded ; 1,014   ; 786     ; 980     ; 655     ; 443     ; 488     ; 412     ; 374     ; 248     ; 237     ; 239     ; 227



Candidates left after filter
Embedded ; 1,338   ; 1,219   ; 1,409   ; 1,063   ; 777     ; 829     ; 757     ; 699     ; 462     ; 410     ; 421     ; 369

Runtime embedding preparation (ms.)
Embedded ; 4,976   ; 5,064   ; 5,125   ; 5,147   ; 5,227   ; 5,318   ; 5,317   ; 5,423   ; 5,633   ; 5,873   ; 6,107   ; 6,307

Runtime filter refinement on R*Tree (ms.)
Embedded ; 614     ; 414     ; 599     ; 291     ; 212     ; 175     ; 158     ; 125     ; 58      ; 46      ; 43      ; 42

Runtime refinement on graph (ms.)
Embedded ; 398     ; 370     ; 380     ; 362     ; 230     ; 311     ; 253     ; 248     ; 190     ; 191     ; 195     ; 184
