
---------------------------------------------------------------------------
6. Experiment: Alter k. (1, 2, 4, 8, 16, 20)
---------------------------------------------------------------------------

Connectivity:            0.3
Entries per R*Tree node: 25
Reference points:        15
Vertices:                50000
Object Density:          0.05


Naive (5 runs)
-----------------

k:
1                                      ; 2                                           ; 4                                           ; 8                                           ; 16                                          ; 20

Candidates to refine on graph
2,487, 2,487, 2,487, 2,487, 2,487      ; 2,487, 2,487, 2,487, 2,487, 2,487           ; 2,487, 2,486, 2,487, 2,487, 2,487           ; 2,487, 2,487, 2,487, 2,487, 2,487           ; 2,487, 2,487, 2,487, 2,487, 2,487           ; 2,487, 2,487, 2,487, 2,487, 2,487
2,487                                  ; 2,487                                       ; 2,486                                       ; 2,487                                       ; 2,487                                       ; 2,487

Nodes visited
57,918, 58,374, 57,922, 58,435, 57,921 ; 110,059, 109,586, 108,884, 112,254, 112,402 ; 208,456, 211,071, 214,599, 210,903, 215,070 ; 416,320, 419,342, 416,559, 418,370, 421,794 ; 841,600, 827,191, 838,480, 832,210, 822,784 ; 1,060,189, 1,059,495, 1,059,466, 1,047,000, 1,058,984
58,114                                 ; 110,637                                     ; 212,019                                     ; 418,477                                     ; 832,453                                     ; 1,057,026

Runtime thread CPU rknn query (ms.)
317, 313, 316, 315, 308                ; 767, 758, 769, 801, 787                     ; 2,087, 2,117, 2,195, 2,122, 2,153           ; 6,694, 6,810, 6,729, 6,827, 6,949           ; 24,330, 24,132, 24,287, 24,964, 23,908      ; 38,200, 37,878, 37,978, 36,864, 38,845
313                                    ; 776                                         ; 2,134                                       ; 6,801                                       ; 24,324                                      ; 37,953


Eager (5 runs)
-----------------

k:
1                                      ; 2                                           ; 4                                           ; 8                                           ; 16                                          ; 20

Candidates to refine on graph
2, 9, 8, 2, 5                          ; 18, 8, 5, 4, 18                             ; 19, 9, 39, 15, 26                           ; 47, 44, 94, 60, 153                         ; 207, 132, 115, 135, 118                     ; 360, 132, 214, 196, 169
5                                      ; 10                                          ; 21                                          ; 79                                          ; 141                                         ; 214

Nodes visited
96, 2,057, 1,278, 24, 885              ; 4,228, 1,107, 641, 191, 2,956               ; 5,357, 1,329, 9,409, 1,910, 9,643           ; 19,365, 21,612, 45,976, 28,471, 65,706      ; 175,444, 95,213, 79,464, 104,785, 65,111    ; 581,319, 97,787, 195,811, 177,211, 129,748
868                                    ; 1,824                                       ; 5,529                                       ; 36,226                                      ; 104,003                                     ; 236,375

Runtime thread CPU rknn query (ms.)
0, 11, 6, 0, 5                         ; 31, 6, 4, 1, 17                             ; 46, 12, 81, 19, 112                         ; 289, 294, 747, 447, 907                     ; 4,707, 2,835, 2,115, 3,133, 1,652           ; 16,122, 2,944, 6,294, 5,259, 4,142
4                                      ; 11                                          ; 54                                          ; 536                                         ; 2,888                                       ; 6,952


Embedding (5 runs)
-----------------

k:
1                                      ; 2                                           ; 4                                           ; 8                                           ; 16                                          ; 20

Candidates to refine on graph
257, 345, 288, 425, 379                ; 374, 296, 590, 450, 444                     ; 483, 506, 495, 404, 361                     ; 332, 401, 542, 474, 474                     ; 559, 656, 574, 511, 525                     ; 448, 687, 665, 551, 459
338                                    ; 430                                         ; 449                                         ; 444                                         ; 565                                         ; 562

Nodes visited
5,490, 8,186, 6,245, 8,705, 8,345      ; 16,290, 11,521, 26,437, 20,797, 19,269      ; 39,155, 41,640, 46,068, 36,266, 31,253      ; 54,991, 65,832, 92,064, 81,029, 76,820      ; 195,952, 225,893, 193,782, 177,691, 173,659 ; 176,332, 295,298, 294,164, 230,218, 204,999
7,394                                  ; 18,862                                      ; 38,876                                      ; 74,147                                      ; 193,395                                     ; 240,202

Runtime thread CPU rknn query (ms.)
57, 97, 92, 113, 127                   ; 209, 111, 336, 339, 229                     ; 512, 486, 624, 457, 408                     ; 914, 1,103, 1,646, 1,474, 1,292             ; 5,965, 6,924, 5,703, 5,704, 5,263           ; 5,926, 10,810, 11,093, 8,188, 7,820
97                                     ; 244                                         ; 497                                         ; 1,285                                       ; 5,911                                       ; 8,767

Candidates left after filter
331, 436, 445, 523, 529                ; 546, 366, 791, 910, 599                     ; 623, 601, 717, 560, 473                     ; 393, 466, 709, 664, 649                     ; 661, 768, 692, 545, 648                     ; 544, 775, 781, 664, 535
452                                    ; 642                                         ; 594                                         ; 576                                         ; 662                                         ; 659

Runtime embedding preparation (ms.)
6,034, 6,090, 6,123, 5,864, 5,875      ; 5,972, 5,804, 5,748, 5,916, 5,848           ; 5,805, 5,852, 5,839, 5,871, 5,891           ; 5,858, 5,821, 5,842, 5,796, 5,807           ; 5,912, 5,907, 5,821, 5,853, 5,856           ; 5,889, 5,883, 5,784, 5,846, 5,844
5,997                                  ; 5,857                                       ; 5,851                                       ; 5,824                                       ; 5,869                                       ; 5,849

Runtime filter refinement on R*Tree (ms.)
30, 54, 61, 71, 83                     ; 100, 38, 152, 190, 100                      ; 132, 80, 125, 88, 94                        ; 37, 61, 126, 110, 110                       ; 103, 137, 118, 83, 132                      ; 99, 121, 205, 121, 92
59                                     ; 116                                         ; 103                                         ; 88                                          ; 114                                         ; 127

Runtime refinement on graph (ms.)
26, 43, 30, 42, 44                     ; 108, 73, 184, 148, 127                      ; 379, 404, 498, 369, 314                     ; 876, 1,042, 1,520, 1,363, 1,181             ; 5,862, 6,787, 5,584, 5,621, 5,131           ; 5,827, 10,687, 10,887, 8,065, 7,727
37                                     ; 128                                         ; 392                                         ; 1,196                                       ; 5,797                                       ; 8,638





k:
1        ; 2      ; 4       ; 8       ; 16      ; 20

Candidates to refine on graph
Naiv     ; 2,487  ; 2,487   ; 2,486   ; 2,487   ; 2,487   ; 2,487
Eager    ; 5      ; 10      ; 21      ; 79      ; 141     ; 214
Embedded ; 338    ; 430     ; 449     ; 444     ; 565     ; 562

Nodes visited
Naiv     ; 58,114 ; 110,637 ; 212,019 ; 418,477 ; 832,453 ; 1,057,026
Eager    ; 868    ; 1,824   ; 5,529   ; 36,226  ; 104,003 ; 236,375
Embedded ; 7,394  ; 18,862  ; 38,876  ; 74,147  ; 193,395 ; 240,202

Runtime thread CPU rknn query (ms.)
Naiv     ; 313    ; 776     ; 2,134   ; 6,801   ; 24,324  ; 37,953
Eager    ; 4      ; 11      ; 54      ; 536     ; 2,888   ; 6,952
Embedded ; 97     ; 244     ; 497     ; 1,285   ; 5,911   ; 8,767


Candidates left after filter
Embedded ; 452    ; 642     ; 594     ; 576     ; 662     ; 659

Runtime embedding preparation (ms.)
Embedded ; 5,997  ; 5,857   ; 5,851   ; 5,824   ; 5,869   ; 5,849

Runtime filter refinement on R*Tree (ms.)
Embedded ; 59     ; 116     ; 103     ; 88      ; 114     ; 127

Runtime refinement on graph (ms.)
Embedded ; 37     ; 128     ; 392     ; 1,196   ; 5,797   ; 8,638

