
---------------------------------------------------------------------------
1. Experiment: Alter number of entries per R*Tree node. (5.0, 10.0, 15.0, 20.0, 25.0, 30.0, 35.0, 40.0, 45.0, 50.0)
---------------------------------------------------------------------------

Connectivity:            0.3
k:                       3
Reference points:        15
Vertices:                75000
Object Density:          0.05


Embedding (5 runs)
-----------------

Entries per node:
5.0                               ; 10.0                              ; 15.0                              ; 20.0                              ; 25.0                              ; 30.0                              ; 35.0                              ; 40.0                              ; 45.0                              ; 50.0                             

Candidates to refine on graph
591, 502, 538, 576, 660           ; 478, 494, 533, 525, 506           ; 333, 342, 647, 585, 761           ; 590, 822, 988, 665, 525           ; 448, 435, 613, 635, 503           ; 568, 615, 455, 531, 544           ; 554, 590, 622, 759, 485           ; 544, 581, 379, 650, 529           ; 685, 523, 592, 741, 422           ; 586, 496, 855, 713, 439          
573                               ; 507                               ; 533                               ; 718                               ; 526                               ; 542                               ; 602                               ; 536                               ; 592                               ; 617                              

Nodes visited
39212, 32797, 35791, 38473, 43782 ; 32258, 30425, 35806, 34985, 31959 ; 20668, 23285, 43369, 36906, 51292 ; 39099, 55038, 64367, 44568, 33907 ; 28893, 27241, 38873, 44375, 33827 ; 38468, 37136, 30218, 34314, 35726 ; 38512, 40910, 42456, 52478, 33777 ; 35662, 35366, 25272, 41489, 34205 ; 48681, 33700, 39196, 49159, 25526 ; 37132, 34972, 53104, 47894, 30641
38011                             ; 33086                             ; 35104                             ; 47395                             ; 34641                             ; 35172                             ; 41626                             ; 34398                             ; 39252                             ; 40748                            

Runtime thread CPU rknn query (ms.)
461, 420, 469, 470, 497           ; 403, 420, 466, 448, 408           ; 319, 244, 552, 470, 629           ; 497, 810, 1011, 567, 374          ; 364, 313, 437, 558, 420           ; 476, 527, 350, 410, 429           ; 488, 503, 489, 630, 420           ; 441, 386, 276, 445, 422           ; 617, 419, 465, 568, 265           ; 473, 447, 679, 721, 325          
463                               ; 429                               ; 442                               ; 651                               ; 418                               ; 438                               ; 506                               ; 394                               ; 466                               ; 529                              

Candidates left after filter
693, 679, 765, 793, 760           ; 695, 807, 751, 759, 654           ; 885, 444, 814, 751, 1004          ; 781, 1120, 1323, 855, 572         ; 612, 593, 681, 881, 641           ; 696, 1097, 548, 727, 726          ; 728, 727, 745, 971, 623           ; 719, 677, 470, 772, 670           ; 879, 672, 724, 918, 489           ; 851, 704, 1022, 975, 509         
738                               ; 733                               ; 779                               ; 930                               ; 681                               ; 758                               ; 758                               ; 661                               ; 736                               ; 812                              

Runtime embedding preparation (ms.)
8412, 8421, 8569, 8366, 8407      ; 8454, 8374, 8292, 8412, 8429      ; 8517, 8459, 8455, 8499, 8397      ; 8571, 8392, 8403, 8557, 8451      ; 8556, 8459, 8421, 8479, 8439      ; 8365, 8377, 8474, 8436, 8409      ; 8963, 8433, 8455, 8487, 8403      ; 8409, 8531, 8494, 8482, 8745      ; 8467, 8370, 8475, 8492, 8680      ; 8439, 8341, 8377, 8289, 8412     
8435                              ; 8392                              ; 8465                              ; 8474                              ; 8470                              ; 8412                              ; 8548                              ; 8532                              ; 8496                              ; 8371                             