
---------------------------------------------------------------------------
2. Experiment: Alter number of reference points. (5.0, 10.0, 15.0, 20.0, 25.0, 30.0, 35.0, 40.0, 45.0, 50.0)
---------------------------------------------------------------------------

Connectivity:            0.3
Entries per R*Tree node: 25
k:                       3
Vertices:                75000
Object Density:          0.05


Embedding (5 runs)
-----------------

Reference points:
5.0                               ; 10.0                              ; 15.0                              ; 20.0                              ; 25.0                              ; 30.0                              ; 35.0                              ; 40.0                              ; 45.0                              ; 50.0                             

Candidates to refine on graph
855, 685, 720, 548, 446           ; 776, 478, 657, 734, 808           ; 468, 284, 477, 643, 595           ; 726, 438, 1025, 743, 476          ; 616, 498, 759, 550, 714           ; 533, 478, 412, 622, 448           ; 537, 592, 656, 8, 399             ; 591, 774, 461, 775, 590          
650                               ; 690                               ; 493                               ; 681                               ; 627                               ; 498                               ; 438                               ; 638                              

Nodes visited
54546, 46599, 48405, 31583, 30123 ; 52790, 32241, 41798, 48521, 49726 ; 31216, 19058, 31604, 38835, 39296 ; 49313, 28987, 63315, 45155, 30248 ; 41318, 29487, 47458, 36382, 41709 ; 33357, 33130, 27427, 40842, 30363 ; 35182, 39988, 44923, 558, 26884   ; 36896, 50819, 30110, 51210, 40415
42251                             ; 45015                             ; 32001                             ; 43403                             ; 39270                             ; 33023                             ; 29507                             ; 41890                            

Runtime thread CPU rknn query (ms.)
849, 631, 662, 363, 380           ; 670, 339, 596, 590, 649           ; 390, 205, 391, 492, 429           ; 863, 310, 726, 495, 399           ; 615, 353, 676, 457, 561           ; 376, 415, 361, 508, 326           ; 438, 502, 509, 7, 321             ; 482, 672, 379, 654, 524          
577                               ; 568                               ; 381                               ; 558                               ; 532                               ; 397                               ; 355                               ; 542                              

Candidates left after filter
1074, 1009, 990, 667, 602         ; 979, 588, 944, 793, 983           ; 701, 363, 645, 842, 673           ; 939, 533, 1104, 818, 680          ; 928, 696, 1006, 745, 1049         ; 654, 667, 619, 808, 544           ; 714, 772, 725, 78, 469            ; 821, 911, 703, 951, 742          
868                               ; 857                               ; 644                               ; 814                               ; 884                               ; 658                               ; 551                               ; 825                              

Runtime embedding preparation (ms.)
8730, 8845, 8917, 8324, 8359      ; 8346, 8453, 8462, 8457, 8353      ; 8458, 8527, 8368, 8409, 8336      ; 8394, 8578, 8410, 8445, 8464      ; 8355, 8364, 8388, 8380, 8419      ; 8693, 8387, 8378, 8321, 8386      ; 8449, 8394, 8493, 8421, 8548      ; 8473, 8688, 8515, 8574, 8595     
8635                              ; 8414                              ; 8419                              ; 8458                              ; 8381                              ; 8433                              ; 8461                              ; 8569                             