
---------------------------------------------------------------------------
1. Experiment: Alter number of entries per R*Tree node. (5, 10, 15, 20, 25, 30, 35, 40, 45, 50)
---------------------------------------------------------------------------

Connectivity:            0.3
k:                       3
Reference points:        15
Vertices:                50000
Object Density:          0.05


Embedding (1 runs)
-----------------

Entries per node:
5     ; 10    ; 15    ; 20    ; 25    ; 30    ; 35    ; 40    ; 45    ; 50   

Candidates to refine on graph
373   ; 459   ; 299   ; 575   ; 558   ; 418   ; 553   ; 363   ; 430   ; 586  
373   ; 459   ; 299   ; 575   ; 558   ; 418   ; 553   ; 363   ; 430   ; 586  

Nodes visited
23119 ; 29514 ; 19135 ; 39024 ; 32689 ; 28024 ; 33727 ; 23717 ; 27516 ; 41340
23119 ; 29514 ; 19135 ; 39024 ; 32689 ; 28024 ; 33727 ; 23717 ; 27516 ; 41340

Runtime thread CPU rknn query (ms.)
345   ; 402   ; 204   ; 476   ; 340   ; 337   ; 397   ; 251   ; 339   ; 481  
345   ; 402   ; 204   ; 476   ; 340   ; 337   ; 397   ; 251   ; 339   ; 481  

Candidates left after filter
433   ; 636   ; 415   ; 736   ; 624   ; 494   ; 746   ; 440   ; 575   ; 726  
433   ; 636   ; 415   ; 736   ; 624   ; 494   ; 746   ; 440   ; 575   ; 726  

Runtime embedding preparation (ms.)
5883  ; 5681  ; 5777  ; 5722  ; 5714  ; 5920  ; 5787  ; 6050  ; 5943  ; 5797 
5883  ; 5681  ; 5777  ; 5722  ; 5714  ; 5920  ; 5787  ; 6050  ; 5943  ; 5797 