
---------------------------------------------------------------------------
2. Experiment: Alter number of reference points. (5, 10, 15, 20, 25, 30, 35, 40, 45, 50)
---------------------------------------------------------------------------

Connectivity:            0.3
Entries per R*Tree node: 25
k:                       3
Vertices:                50000
Object Density:          0.05


Embedding (1 runs)
-----------------

Reference points:
5     ; 10    ; 15    ; 20    ; 25    ; 30    ; 35    ; 40    ; 45    ; 50   

Candidates to refine on graph
456   ; 507   ; 411   ; 456   ; 438   ; 311   ; 298   ; 285   ; 79    ; 453  
456   ; 507   ; 411   ; 456   ; 438   ; 311   ; 298   ; 285   ; 79    ; 453  

Nodes visited
26272 ; 30775 ; 27289 ; 31112 ; 30469 ; 22633 ; 18753 ; 17747 ; 5871  ; 28477
26272 ; 30775 ; 27289 ; 31112 ; 30469 ; 22633 ; 18753 ; 17747 ; 5871  ; 28477

Runtime thread CPU rknn query (ms.)
261   ; 323   ; 326   ; 368   ; 380   ; 316   ; 246   ; 241   ; 70    ; 411  
261   ; 323   ; 326   ; 368   ; 380   ; 316   ; 246   ; 241   ; 70    ; 411  

Candidates left after filter
549   ; 585   ; 559   ; 524   ; 585   ; 483   ; 402   ; 372   ; 144   ; 588  
549   ; 585   ; 559   ; 524   ; 585   ; 483   ; 402   ; 372   ; 144   ; 588  

Runtime embedding preparation (ms.)
2078  ; 3936  ; 5715  ; 7749  ; 9753  ; 11763 ; 14188 ; 15898 ; 17969 ; 20452
2078  ; 3936  ; 5715  ; 7749  ; 9753  ; 11763 ; 14188 ; 15898 ; 17969 ; 20452