
---------------------------------------------------------------------------
3. Experiment: Alter number of vertices. (10, 100, 1000, 10000, 50000, 100000, 200000, 500000)
---------------------------------------------------------------------------

Connectivity:            0.3
Entries per R*Tree node: 25
k:                       3
Reference points:        15
Object Density:          0.05


Naive (1 runs)
-----------------

Vertices:
10      ; 100     ; 1000    ; 10000   ; 50000   ; 100000  ; 200000  ; 500000 

Candidates to refine on graph
1       ; 5       ; 48      ; 500     ; 2487    ; 4993    ; 9991    ; 24993  
1       ; 5       ; 48      ; 500     ; 2487    ; 4993    ; 9991    ; 24993  

Nodes visited
9       ; 231     ; 3003    ; 31909   ; 162583  ; 321246  ; 670999  ; 1664083
9       ; 231     ; 3003    ; 31909   ; 162583  ; 321246  ; 670999  ; 1664083

Runtime thread CPU rknn query (ms.)
1       ; 2       ; 25      ; 270     ; 1425    ; 2762    ; 5933    ; 14670  
1       ; 2       ; 25      ; 270     ; 1425    ; 2762    ; 5933    ; 14670  


Eager (1 runs)
-----------------

Vertices:
10      ; 100     ; 1000    ; 10000   ; 50000   ; 100000  ; 200000  ; 500000 

Candidates to refine on graph
1       ; 5       ; 3       ; 20      ; 29      ; 48      ; 147     ; 49     
1       ; 5       ; 3       ; 20      ; 29      ; 48      ; 147     ; 49     

Nodes visited
53      ; 2575    ; 160     ; 3253    ; 9073    ; 7631    ; 26278   ; 7772   
53      ; 2575    ; 160     ; 3253    ; 9073    ; 7631    ; 26278   ; 7772   

Runtime thread CPU rknn query (ms.)
0       ; 18      ; 1       ; 26      ; 88      ; 63      ; 251     ; 75     
0       ; 18      ; 1       ; 26      ; 88      ; 63      ; 251     ; 75     


Embedding (1 runs)
-----------------

Vertices:
10      ; 100     ; 1000    ; 10000   ; 50000   ; 100000  ; 200000  ; 500000 

Candidates to refine on graph
1       ; 5       ; 3       ; 157     ; 349     ; 901     ; 1197    ; 2322   
1       ; 5       ; 3       ; 157     ; 349     ; 901     ; 1197    ; 2322   

Nodes visited
9       ; 231     ; 108     ; 9678    ; 22584   ; 54508   ; 82353   ; 148300 
9       ; 231     ; 108     ; 9678    ; 22584   ; 54508   ; 82353   ; 148300 

Runtime thread CPU rknn query (ms.)
1       ; 2       ; 1       ; 88      ; 265     ; 686     ; 1466    ; 5136   
1       ; 2       ; 1       ; 88      ; 265     ; 686     ; 1466    ; 5136   

Candidates left after filter
1       ; 5       ; 16      ; 179     ; 488     ; 1053    ; 1536    ; 2768   
1       ; 5       ; 16      ; 179     ; 488     ; 1053    ; 1536    ; 2768   

Runtime embedding preparation (ms.)
2       ; 7       ; 61      ; 889     ; 5898    ; 12437   ; 27143   ; 70581  
2       ; 7       ; 61      ; 889     ; 5898    ; 12437   ; 27143   ; 70581  