
---------------------------------------------------------------------------
4. Experiment: Alter object density. (0.005, 0.01, 0.02, 0.04, 0.08, 0.16, 0.32, 0.64, 1.0)
---------------------------------------------------------------------------

Connectivity:            0.3
Entries per R*Tree node: 25
k:                       3
Reference points:        15
Vertices:                50000


Naive (1 runs)
-----------------

Object density:
0.005  ; 0.01   ; 0.02   ; 0.04   ; 0.08   ; 0.16   ; 0.32   ; 0.64   ; 1.0   

Candidates to refine on graph
249    ; 498    ; 995    ; 1990   ; 3979   ; 7957   ; 15913  ; 31826  ; 49728 
249    ; 498    ; 995    ; 1990   ; 3979   ; 7957   ; 15913  ; 31826  ; 49728 

Nodes visited
156467 ; 156305 ; 159822 ; 159525 ; 164156 ; 175896 ; 194222 ; 225613 ; 262599
156467 ; 156305 ; 159822 ; 159525 ; 164156 ; 175896 ; 194222 ; 225613 ; 262599

Runtime thread CPU rknn query (ms.)
10636  ; 5091   ; 2830   ; 1603   ; 1031   ; 750    ; 636    ; 607    ; 604   
10636  ; 5091   ; 2830   ; 1603   ; 1031   ; 750    ; 636    ; 607    ; 604   


Eager (1 runs)
-----------------

Object density:
0.005  ; 0.01   ; 0.02   ; 0.04   ; 0.08   ; 0.16   ; 0.32   ; 0.64   ; 1.0   

Candidates to refine on graph
19     ; 12     ; 25     ; 14     ; 24     ; 6      ; 7      ; 22     ; 25    
19     ; 12     ; 25     ; 14     ; 24     ; 6      ; 7      ; 22     ; 25    

Nodes visited
60810  ; 9011   ; 12566  ; 3987   ; 1997   ; 173    ; 104    ; 259    ; 172   
60810  ; 9011   ; 12566  ; 3987   ; 1997   ; 173    ; 104    ; 259    ; 172   

Runtime thread CPU rknn query (ms.)
2495   ; 222    ; 157    ; 41     ; 13     ; 1      ; 1      ; 1      ; 1     
2495   ; 222    ; 157    ; 41     ; 13     ; 1      ; 1      ; 1      ; 1     


Embedding (1 runs)
-----------------

Object density:
0.005  ; 0.01   ; 0.02   ; 0.04   ; 0.08   ; 0.16   ; 0.32   ; 0.64   ; 1.0   

Candidates to refine on graph
72     ; 121    ; 239    ; 350    ; 523    ; 1360   ; 1989   ; 4070   ; 7148  
72     ; 121    ; 239    ; 350    ; 523    ; 1360   ; 1989   ; 4070   ; 7148  

Nodes visited
48109  ; 37243  ; 42535  ; 28791  ; 20155  ; 30800  ; 24074  ; 28778  ; 37710 
48109  ; 37243  ; 42535  ; 28791  ; 20155  ; 30800  ; 24074  ; 28778  ; 37710 

Runtime thread CPU rknn query (ms.)
3181   ; 1207   ; 829    ; 349    ; 301    ; 1277   ; 3209   ; 34571  ; 114948
3181   ; 1207   ; 829    ; 349    ; 301    ; 1277   ; 3209   ; 34571  ; 114948

Candidates left after filter
77     ; 141    ; 285    ; 419    ; 789    ; 1965   ; 3143   ; 7259   ; 8738  
77     ; 141    ; 285    ; 419    ; 789    ; 1965   ; 3143   ; 7259   ; 8738  

Runtime embedding preparation (ms.)
5839   ; 5738   ; 5747   ; 6178   ; 6203   ; 6020   ; 6441   ; 6636   ; 6528  
5839   ; 5738   ; 5747   ; 6178   ; 6203   ; 6020   ; 6441   ; 6636   ; 6528  