
---------------------------------------------------------------------------
5. Experiment: Alter connectivity (number of edges). (0.005, 0.01, 0.02, 0.04, 0.08, 0.16, 0.32, 0.64, 1.0)
---------------------------------------------------------------------------

Entries per R*Tree node: 25
k:                       3
Reference points:        15
Vertices:                50000
Object Density:          0.05


Naive (1 runs)
-----------------

Connectivity:
0.005  ; 0.01   ; 0.02   ; 0.04   ; 0.08   ; 0.16   ; 0.32   ; 0.64   ; 1.0   

Candidates to refine on graph
2487   ; 2487   ; 2487   ; 2487   ; 2487   ; 2486   ; 2487   ; 2487   ; 2487  
2487   ; 2487   ; 2487   ; 2487   ; 2487   ; 2486   ; 2487   ; 2487   ; 2487  

Nodes visited
153999 ; 153297 ; 155958 ; 155028 ; 162307 ; 160618 ; 163818 ; 172251 ; 170649
153999 ; 153297 ; 155958 ; 155028 ; 162307 ; 160618 ; 163818 ; 172251 ; 170649

Runtime thread CPU rknn query (ms.)
1068   ; 1078   ; 1111   ; 1166   ; 1304   ; 1319   ; 1394   ; 1595   ; 1647  
1068   ; 1078   ; 1111   ; 1166   ; 1304   ; 1319   ; 1394   ; 1595   ; 1647  


Eager (1 runs)
-----------------

Connectivity:
0.005  ; 0.01   ; 0.02   ; 0.04   ; 0.08   ; 0.16   ; 0.32   ; 0.64   ; 1.0   

Candidates to refine on graph
6      ; 6      ; 4      ; 6      ; 5      ; 18     ; 19     ; 94     ; 110   
6      ; 6      ; 4      ; 6      ; 5      ; 18     ; 19     ; 94     ; 110   

Nodes visited
1267   ; 1059   ; 429    ; 1253   ; 699    ; 6192   ; 4275   ; 12772  ; 26797 
1267   ; 1059   ; 429    ; 1253   ; 699    ; 6192   ; 4275   ; 12772  ; 26797 

Runtime thread CPU rknn query (ms.)
7      ; 5      ; 2      ; 8      ; 5      ; 41     ; 42     ; 107    ; 290   
7      ; 5      ; 2      ; 8      ; 5      ; 41     ; 42     ; 107    ; 290   


Embedding (1 runs)
-----------------

Connectivity:
0.005  ; 0.01   ; 0.02   ; 0.04   ; 0.08   ; 0.16   ; 0.32   ; 0.64   ; 1.0   

Candidates to refine on graph
430    ; 380    ; 727    ; 817    ; 565    ; 375    ; 274    ; 650    ; 416   
430    ; 380    ; 727    ; 817    ; 565    ; 375    ; 274    ; 650    ; 416   

Nodes visited
27463  ; 22821  ; 48098  ; 51465  ; 36599  ; 25560  ; 20070  ; 42426  ; 30220 
27463  ; 22821  ; 48098  ; 51465  ; 36599  ; 25560  ; 20070  ; 42426  ; 30220 

Runtime thread CPU rknn query (ms.)
313    ; 455    ; 703    ; 790    ; 473    ; 276    ; 239    ; 468    ; 360   
313    ; 455    ; 703    ; 790    ; 473    ; 276    ; 239    ; 468    ; 360   

Candidates left after filter
675    ; 1320   ; 1141   ; 1248   ; 879    ; 533    ; 410    ; 754    ; 500   
675    ; 1320   ; 1141   ; 1248   ; 879    ; 533    ; 410    ; 754    ; 500   

Runtime embedding preparation (ms.)
5221   ; 5240   ; 5413   ; 5583   ; 5507   ; 5606   ; 6058   ; 6275   ; 6589  
5221   ; 5240   ; 5413   ; 5583   ; 5507   ; 5606   ; 6058   ; 6275   ; 6589  